Transformation matrices: 
STransG1
[[-1.000 0.000 0.000 88.982]
 [0.000 -1.000 0.000 -37.199]
 [0.000 0.000 1.000 -541.571]
 [0.000 0.000 0.000 1.000]]
STransG2
[[-1.000 0.000 0.000 116.148]
 [0.000 -1.000 0.000 -28.270]
 [0.000 0.000 1.000 -541.571]
 [0.000 0.000 0.000 1.000]]
STransG3
[[-1.000 0.000 0.000 55.896]
 [0.000 -1.000 0.000 81.595]
 [0.000 0.000 1.000 -541.571]
 [0.000 0.000 0.000 1.000]]
STransG4
[[-1.000 0.000 0.000 299.874]
 [0.000 -1.000 0.000 -14.437]
 [0.000 0.000 1.000 -541.571]
 [0.000 0.000 0.000 1.000]]
STransG
[[-1.000 0.000 0.000 129.441]
 [0.000 -1.000 0.000 4.084]
 [0.000 0.000 1.000 -541.571]
 [0.000 0.000 0.000 1.000]]
Screen Information: 
Width: 2256px, 285mm
Height: 1504px, 190mm
Webcam Information: 
Width: 1280px
Height: 720px
